000000000000000000000000000000000000000000000000000000000000000000000000000000000000000000000000000000000000000000000000000000000000000000000000000000000000000000000000000000000000000000000000000000000000000000000000000000000000000000000000000000000000000000000000000000000000000000000000000000000000
000000000000000000000000000000000000000000000000000000000000000000000000000000000000000000000000000000000000000000000000000000000000000000000000000000000000000000000000000000000000000000000000000000000000000000000000000000000000000000000000000000000000000000000000000000000000000000000000000000000000
000000000000000000000000000000000000000000000000000000000000000000000000000000000000000000000000000000000000000000000000000000000000000000000000000000000000000000000000000000000000000000000000000000000000000000000000000000000000000000000000000000000000000000000000000000000000000000000000000000000000
000000000000000000000000000000000000000000000000000000000000000000000000000000000000000000000000000000000000000000000000000000000000000000000000000000000000000000000000000000000000000000000000000000000000000000000000000000000000000000000000000000000000000000000000000000000000000000000000000000000000
000000000000000000000000000000000000000000000000000000000000000000000000000000000000000000000000000000000000000000000000000000000000000000000000000000000000000000000000000000000000000000000000000000000000000000000000000000000000000000000000000000000000000000000000000000000000000000000000000000000000
000000000000000000000000000000000000000000000000000000000000000000000000000000000000000000000000000000000000000000000000000000000000000000000000000000000000000000000000000000000000000000000000000000000000000000000000000000000000000000000000000000000000000000000000000000000000000000000000000000000000
000000000000000000000000000000000000000000000000000000000000000000000000000000000000000000000000000000000000000000000000000000000000000000000000000000000000000000000000000000000000000000000000000000000000000000000000000000000000000000000000000000000000000000000000000000000000000000000000000000000000
000000000000000000000000000000000000000000000000000000000000000000000000000000000000000000000000000000000000000000000000000000000000000000000000000000000000000000000000000000000000000000000000000000000000000000000000000000000000000000000000000000000000000000000000000000000000000000000000000000000000
000000000000000000000000000000000000000000000000000000000000000000000000000000000000000000000000000000000000000000000000000000000000000000000000000000000000000000000000000000000000000000000000000000000000000000000000000000000000000000000000000000000000000000000000000000000000000000000000000000000000
000000000000000000000000000000000000000000000000000000000000000000000000000000000000000000000000000000000000000000000000000000000000000000000000000000000000000000000000000000000000000000000000000000000000000000000000000000000000000000000000000000000000000000000000000000000000000000000000000000000000
000000000000000000000000000000000000000000000000000000000000000000000000000000000000000000000000000000000000000000000000000000000000000000000000000000000000000000000000000000000000000000000000000000000000000000000000000000000000000000000000000000000000000000000000000000000000000000000000000000000000
000000000000000000000000000000000000000000000000000000000000000000000000000000000000000000000000000000000000000000000000000000000000000000000000000000000000000000000000000000000000000000000000000000000000000000000000000000000000000000000000000000000000000000000000000000000000000000000000000000000000
000000000000000000000000000000000000000000000000000000000000000000000000000000000000000000000000000000000000000000000000000000000000000000000000000000000000000000000000000000000000000000000000000000000000000000000000000000000000000000000000000000000000000000000000000000000000000000000000000000000000
000000000000000000000000000000000000000000000000000000000000000000000000000000000000000000000000000000000000000000000000000000000000000000000000000000000000000000000000000000000000000000000000000000000000000000000000000000000000000000000000000000000000000000000000000000000000000000000000000000000000
000000000000000000000000000000000000000000000000000000000000000000000000000000000000000000000000000000000000000000000000000000000000000000000000000000000000000000000000000000000000000000000000000000000000000000000000000000000000000000000000000000000000000000000000000000000000000000000000000000000000
000000000000000000000000000000000000000000000000000000000000000000000000000000000000000000000000000000000000000000000000000000000000000000000000000000000000000000000000000000000000000000000000000000000000000000000000000000000000000000000000000000000000000000000000000000000000000000000000000000000000
000000000000000000000000000000000000000000000000000000000000000000000000000000000000000000000000000000000000000000000000000000000000000000000000000000000000000000000000000000000000000000000000000000000000000000000000000000000000000000000000000000000000000000000000000000000000000000000000000000000000
000000000000000000000000000000000000000000000000000000000000000000000000000000000000000000000000000000000000000000000000000000000000000000000000000000000000000000000000000000000000000000000000000000000000000000000000000000000000000000000000000000000000000000000000000000000000000000000000000000000000
000000000000000000000000000000000000000000000000000000000000000000000000000000000000000000000000000000000000000000000000000000000000000000000000000000000000000000000000000000000000000000000000000000000000000000000000000000000000000000000000000000000000000000000000000000000000000000000000000000000000
000000000000000000000000000000000000000000000000000000000000000000000000000000000000000000000000000000000000000000000000000000000000000000000000000000000000000000000000000000000000000000000000000000000000000000000000000000000000000000000000000000000000000000000000000000000000000000000000000000000000
000000000000000000000000000000000000000000000000000000000000000000000000000000000000000000000000000000000000000000000000000000000000000000000000000000000000000000000000000000000000000000000000000000000000000000000000000000000000000000000000000000000000000000000000000000000000000000000000000000000000
000000000000000000000000000000000000000000000000000000000000000000000000000000000000000000000000000000000000000000000000000000000000000000000000000000000000000000000000000000000000000000000000000000000000000000000000000000000000000000000000000000000000000000000000000000000000000000000000000000000000
000000000000000000000000000000000000000000000000000000000000000000000000000000000000000000000000000000000000000000000000000000000000000000000000000000000000000000000000000000000000000000000000000000000000000000000000000000000000000000000000000000000000000000000000000000000000000000000000000000000000
000000000000000000000000000000000000000000000000000000000000000000000000000000000000000000000000000000000000000000000000000000000000000000000000000000000000000000000000000000000000000000000000000000000000000000000000000000000000000000000000000000000000000000000000000000000000000000000000000000000000
000000000000000000000000000000000000000000000000000000000000000000000000000000000000000000000000000000000000000000000000000000000000000000000000000000000000000000000000000000000000000000000000000000000000000000000000000000000000000000000000000000000000000000000000000000000000000000000000000000000000
000000000000000000000000000000000000000000000000000000000000000000000000000000000000000000000000000000000000000000000000000000000000000000000000000000000000000000000000000000000000000000000000000000000000000000000000000000000000000000000000000000000000000000000000000000000000000000000000000000000000
000000000000000000000000000000000000000000000000000000000000000000000000000000000000000000000000000000000000000000000000000000000000000000000000000000000000000000000000000000000000000000000000000000000000000000000000000000000000000000000000000000000000000000000000000000000000000000000000000000000000
000000000000000000000000000000000000000000000000000000000000000000000000000000000000000000000000000000000000000000000000000000000000000000000000000000000000000000000000000000000000000000000000000000000000000000000000000000000000000000000000000000000000000000000000000000000000000000000000000000000000
000000000000000000000000000000000000000000000000000000000000000000000000000000000000000000000000000000000000000000000000000000000000000000000000000000000000000000000000000000000000000000000000000000000000000000000000000000000000000000000000000000000000000000000000000000000000000000000000000000000000
000000000000000000000000000000000000000000000000000000000000000000000000000000000000000000000000000000000000000000000000000000000000000000000000000000000000000000000000000000000000000000000000000000000000000000000000000000000000000000000000000000000000000000000000000000000000000000000000000000000000
000000000000000000000000000000000000000000000000000000000000000000000000000000000000000000000000000000000000000000000000000000000000000000000000000000000000000000000000000000000000000000000000000000000000000000000000000000000000000000000000000000000000000000000000000000000000000000000000000000000000
000000000000000000000000000000000000000000000000000000000000000000000000000000000000000000000000000000000000000000000000000000000000000000000000000000000000000000000000000000000000000000000000000000000000000000000000000000000000000000000000000000000000000000000000000000000000000000000000000000000000
000000000000000000000000000000000000000000000000000000000000000000000000000000000000000000000000000000000000000000000000000000000000000000000000000000000000000000000000000000000000000000000000000000000000000000000000000000000000000000000000000000000000000000000000000000000000000000000000000000000000
000000000000000000000000000000000000000000000000000000000000000000000000000000000000000000000000000000000000000000000000000000000000000000000000000000000000000000000000000000000000000000000000000000000000000000000000000000000000000000000000000000000000000000000000000000000000000000000000000000000000
000000000000000000000000000000000000000000000000000000000000000000000000000000000000000000000000000000000000000000000000000000000000000000000000000000000000000000000000000000000000000000000000000000000000000000000000000000000000000000000000000000000000000000000000000000000000000000000000000000000000
000000000000000000000000000000000000000000000000000000000000000000000000000000000000000000433333333333333333333333333333333333333350000000000000000000000000000000000000000000000000000000000000000000000000000000000000000000000000000000000000000000000000000000000000000000000000000000000000000000000000
000000000000000000000000000000000000000000000000000000000000000000000000000000000000000000411111111111111111111111111111111111111150000000000000000000000000000000000000000000000000000000000000000000000000000000000000000000000000000000000000000000000000000000000000000000000000000000000000000000000000
000000000000000000000000000000000000000000000000000000000000000000000000000000000000000000411111111111111111111111111111111111111150000000000000000000000000000000000000000000000000000000000000000000000000000000000000000000000000000000000000000000000000000000000000000000000000000000000000000000000000
000000000000000000000000000000000000000000000000000000000000000000000000000000000000000000411111111111111111111111111111111111111150000000000000000000000000000000000000000000000000000000000000000000000000000000000000000000000000000000000000000000000000000000000000000000000000000000000000000000000000
000000000000000000000000000000000000000000000000000000000000000000000000000000000000000000411111111111111111111111111111111111111150000000000000000000000000000000000000000000000000000000000000000000000000000000000000000000000000000000000000000000000000000000000000000000000000000000000000000000000000
000000000000000000000000000000000000000000000000000000000000000000000000000000000000000000411111111111111111111111111111111111111150000000000000000000433333333333333333333333333333333333333350000000000000000000000000000000000000000000000000000000000000000000000000000000000000000000000000000000000000
000000000000000000000000000000000000000000000000000000000000000000000000000000000000000000411111111111111111111111111111111111111150000000000000000000411111111111111111111111111111111111111150000000000000000000000000000000000000000000000000000000000000000000000000000000000000000000000000000000000000
000000000000000000000000000000000000000000000000000000000000000000000000000000000000000000411111111111111111111111111111111111111150000000000000000000411111111111111111111111111111111111111150000000000000000000000000000000000000000000000000000000000000000000000000000000000000000000000000000000000000
000000000000000000000000000000000000000000000000000000000000000000000000000000000000000000411111111111111111111111111111111111111150000000000000000000411111111111111111111111111111111111111150000000000000000000000000000000000000000000000000000000000000000000000000000000000000000000000000000000000000
000000000000000000000000000000000000000000000000000000000000000000000000000000000000000000411111111111111111111111111111111111111150000000000000000000411111111111111111111111111111111111111150000000000000000000000000000000000000000000000000000000000000000000000000000000000000000000000000000000000000
000000000000000000000000000000000000000000000000000000000000000000000000000000000000000000411111111111111111111111111111111111111150000000000000000000411111111111111111111111111111111111111150000000000000000000000000000000000000000000000000000000000000000000000000000000000000000000000000000000000000
000000000000000000000000000000000000000000000000000000000000000000000000000000000000000000411111111111111111111111111111111111111150000000000000000000411111111111111111111111111111111111111150000000000000000000000000000000000000000000000000000000000000000000000000000000000000000000000000000000000000
000000000000000000000000000000000000000000000000000000000000000000000000000000000000000000411111111111111111111111111111111111111150000000000000000000411111111111111111111111111111111111111150000000000000000000000000000000000000000000000000000000000000000000000000000000000000000000000000000000000000
000000000000000000000000000000000000000000000000000000000000000000000000000000000000000000411111111111111111111111111111111111111150000000000000000000411111111111111111111111111111111111111150000000000000000000000000000000000000000000000000000000000000000000000000000000000000000000000000000000000000
000000000000000000000000000000000000000000000000000000000000000000000000000000000000000000411111111111111111111111111111111111111150000000000000000000411111111111111111111111111111111111111150000000000000000000000000000000000000000000000000000000000000000000000000000000000000000000000000000000000000
000000000000000000000000000000000000000000000000004333333333333333333333333333333333333333411111111111111111111111111111111111111150000000000000000000411111111111111111111111111111111111111150000000000000000000000000000000000000000000000000000000000000000000000000000000000000000000000000000000000000
000000000000000000000000000000000000000000000000004111111111111111111111111111111111111111111111111111111111111111111111111111111150000000000000000000411111111111111111111111111111111111111150000000000000000000000000000000000000000000000000000000000000000000000000000000000000000000000000000000000000
000000000000000000000000000000000000000000000000004111111111111111111111111111111111111111111111111111111111111111111111111111111150000000000000000000411111111111111111111111111111111111111150000000000000000000000000000000000000000000000000000000000000000000000000000000000000000000000000000000000000
000000000000000000000000000000000000000000000000004111111111111111111111111111111111111111111111111111111111111111111111111111111150000000000000000000411111111111111111111111111111111111111150000000000000000000000000000000000000000000000000000000000000043333333333333333333333333333333333333335000000
000000000000000000000000000000000000000000000000004111111111111111111111111111111111111111111111111111111111111111111111111111111150000000000000000000411111111111111111111111111111111111111150000000000000000000000000000000000000000000000000000000000000041111111111111111111111111111111111111115000000
000000000000000000000000000000000000000000000000004111111111111111111111111111111111111111111111111111111111111111111111111111111150000000000000000000411111111111111222222222222222211111111150000000000000000000000000000000000000000000000000000000000000041111111111111111111111111111111111111115000000
000000000000000000000000000000000000000000000000004111111111111111111111111111111111111111111111111111111111111111111111111111111150000000000000000000411111111111111222222222222222211111111150000000000000000000000000000000000000000000000000000000000000041111111111111111111111111111111111111115000000
000000000000000000000000000000000000000000000000004111111111111111111111111111111111111111111111111111111111111111111111111111111150000000000000000000411111111111111222222222222222211111111150000000000000000000000000000000000000000000000000000000000000041111111111111111111111111111111111111115000000
000000000000000000000000000000000000000000000000004111111111111111111111111111111111111111111111111111111111111111111111111111111150000000000000000000411111111111111222222222222222211111111150000000000000000000000000000000000000000000000000000000000000041111111111111111111111111111111111111115000000
000000000000000000000000000000000000000000000000004111111111111111111111111111111111111111111111111111111111111111111111111111111150000000000000000000411111111111111222222222222222211111111150000000000000000000000000000000000000000000000000000000000000041111111111111111111111111111111111111115000000
000000000000000000000000000000000000000000000000004111111111111111111122222222222111111111111111111111111111111111111111111111111150000000000000000000333333333333334222222222222222253333333330000000000000000000000000000000000000000000000000000000000000041111111111111111111111111111111111111115000000
000000000000000000000000000000000000000000000000004111111111111111111122222222222111111111111111111111111111111111111111111111111150000000000000000000000000000000004222222222222222250000000000000000000000000000000000000000000000000000000000000000000000041111111111111111111111111111111111111115000000
000000000000000000000000000000000000000000000000004111111111111111111122222222222111111111111111111111111111111111111111111111111150000000000000000000000000000000004222222222222222250000000000000000000000000000000000000000000000000000000000000000000000041111111111111111111111111111111111111115000000
000000000000000000000000000000000000000000000000004111111111111111111122222222222111111111111111111111111111111111111111111111111150000000000000000000000000000000004222222222222222250000000000000000000000000000000000000000000000000000000000000000000000041111111111111111111111111111111111111115000000
000000000000000000000000000000000000000000000000004111111111111111111122222222222111111111111111111111111111111111111111111111111150000000000000000000000000000000004222222222222222250000000000000000000000000000000000000000000000000000000000000000000000041111111111111111111111111111111111111115000000
000000000000000000000000000000000000000000000000003333333333333333333422222222222533333333311111111111111111111111111111111111111150000000000000000000000000000000004222222222222222250000000000000000000000000000000000000000000000000000000000000000000000041111111111111111111111111111111111111115000000
000000000000000000000000000000000000000000000000000000000000000000000422222222222500000000411111111111111111111111111111111111111150000000000000000000000000000000004222222222222222250000000000000000000000000000000000000000000000000000000000000000000000041111111111111111111111111111111111111115000000
000000000000000000000000000000000000000000000000000000000000000000000422222222222500000000411111111111111111111111111111111111111150000000000000000000000000000000004222222222222222250000000000000000000000000000000000000000000000000000000000000000000000041111111111111111111111111111111111111115000000
000000000000000000000000000000000000000000000000000000000000000000000422222222222500000000411111111111111111111111111111111111111150000000000000000000000000000000004222222222222222250000000000000000000000000000000000000000000000000000000000000000000000041111111111111111111111111111111111111115000000
000000000000000000000000000000000000000000000000000000000000000000000422222222222500000000411111111111111111111111111111111111111150000000000000000000000000000000004222222222222222250000000000000000000000000000000000000000000000000000000000000000000000041111111111111111111111111111111111111115000000
000000000000000000000000000000000000000000000000000000000000000000000422222222222500000000411111111111111111111111111111111111111150000000000000000000000000000000004222222222222222250000000000000000000000000000000000000000000000000000000000000000000000041111111111111111111111111111111111111115000000
000000000000000000000000000000000000000000000000000000000000000000000422222222222500000000411111111111111111111111111111111111111150000000000000000000000000000000004222222222222222250000000000000000000000000000000000000000000000000000000000000000000000041111111111111111111111111111111111111115000000
000000000000000000000000000000000000000000000000000000000000000000000422222222222500000000411111111111111111111111111111111111111150000000000000000000000000000000004222222222222222250000000000000000000000000000000000000000000000000000000000000000000000041111111111111111111111111111111111111115000000
000000000000000000000000000000000000000000000000000000000000000000000422222222222500000000411111111111111111111111111111111111111150000000000000000000000000000000004222222222222222250000000000000000000000000000000000000000000000000000000000000000000000041111111111111111111111111111111111111115000000
000000000000000000000000000000000000000000000000000000000000000000000422222222222500000000411111111111111111111111111111111111111150000000000000000000000000000000004222222222222222250000000000000000000000000000000000000000000000000000000000000000000000041111111111111111111111111111111111111115000000
000000000000000000000000000000000000000000000000000000000000000000000422222222222500000000411111111111111111111111111111111111111150000000000000000000000000000000004222222222222222250000000000000000000000000000000000000000000000000000000000000000000000041111111111111111111111111111111111111115000000
000000000000000000000000000000000000000000000000000000000000000000000422222222222500000000411111111111111111111111111111111111111150000000000000000000000000000000004222222222222222250000000000000000000000000000000000000000000000000000000000000000000000041111111111111111111111111111111111111115000000
000000000000000000000000000000000000000000000000000000000000000000000422222222222500000000411111111111111111111111111111111111111150000000000000000000000000000000004222222222222222250000000000000000000000000000000000000000000000000000000000000000000000041111111111111111111111111111111111111115000000
000000000000000000000000000000000000000000000000000000000000000000000422222222222500000000411111111111111111111111111111111111111150000000000000000000000000000000004222222222222222250000000000000000000000000000000000000000000000000000000000000000000000041111111111111111111111111111111111111115000000
000000000000000000000000000000000000000000000000000000000000000000000422222222222500000000411111111111111111111111111111111111111150000000000000000000000000000000004222222222222222250000000000000000000000000000000000000000000000000000000000000000000000041111111111111111111111111111111111111115000000
000000000000000000000000000000000000000000000000000000000000000000000422222222222500000000333333333331111111111111111111111111111150000000000000000000000000000000004222222222222222250000000000000000000000000000000000000000000000000000000000000000000000041111111111111111111111111111111111111115000000
000000000000000000000000000000000000000000000000000000000000000000000422222222222500000000000000000041111111111111111111111111111150000000000000000000000000000000004222222222222222250000000000000000000000000000000000000000000000000000000000000000000000041111111111111111111111111111111111111115000000
000000000000000000000000000000000000000000000000000000000000000000000422222222222500000000000000000041111111111111111111111111111150000000000000000000000000000000004222222222222222250000000000000000000000000000000000000000000000000000000000000000000000041111111111111111111111111111111111111115000000
000000000000000000000000000000000000000000000000000000000000000000000422222222222500000000000000000041111111111111111111111111111150000000000000000000000000000000004222222222222222250000000000000000000000000000000000000000000000000000000000000000000000041111111111111111111111111111111111111115000000
000000000000000000000000000000000000000000000000000000000000000000000422222222222500000000000000000041111111111111111111111111111150000000000000000000000000000000004222222222222222250000000000000000000000000000000000000000000000000000000000000000000000041111111111111111111111111111111111111115000000
000000000000000000000000000000000000000000000000000000000000000000000422222222222500000000000000000033333333333111111111111111111150000000000000000000000000000000004222222222222222250000000000000000000000000000000000000000000000000000000000000000000000041111111111111111111111111111111111111115000000
000000000000000000000000000000000000000000000000000000000000000000000422222222222500000000000000000000000000004111111111111111111150000000000000000000000000000000004222222222222222250000000000000000000000000000000000000000000000000000000000000000000000041111111111111111111111111111111111111115000000
000000000000000000000000000000000000000000000000000000000000000000000422222222222500000000000000000000000000004111111111111111111150000000000000000000000000000000004222222222222222250000000000000000000000000000000000000000000000000000000000000000000000041111111111111111111111111111111111111115000000
000000000000000000000000000000000000000000000000000000000000000000000422222222222500000000000000000000000000004111111111111111111150000000000000000000000000000000004222222222222222250000000000000000000000000000000000000004333333333333333333333333333333331111111111111111111111111111111111111115000000
000000000000000000000000000000000000000000000000000000000000000000000422222222222500000000000000000000000000004111111111111111111150000000000000000000000000000000004222222222222222250000000000000000000000000000000000000004111111111111111111111111111111111111111111111111111111111111111111111115000000
000000000000000000000000000000000000000000000000000000000000433333333322222222222333333333333333333333333333333333333333333333333333333333333333333333500000000000004222222222222222250000000043333333333333333333500000000004111111111111111111111111111111111111111111111111111111111111111111111115000000
000000000000000000000000000000000000000000000000000000000000411111111122222222222111111111111111111111111111111111111111111111111111111111111111111111500000000000004222222222222222250000000041111111111111111111500000000004111111111111111111111111111111111111111111111111111111111111111111111115000000
000000000000000000000000000000000000000000000000000000000000411111111122222222222111111111111111111111111111111111111111111111111111111111111111111111500000000000004222222222222222250000000041111111111111111111500000000004111111111111111111111111111111111111111111111111111111111111111111111115000000
000000000000000000000000000000000000000000000000000000000000411111111122222222222111111111111111111111111111111111111111111111111111111111111111111111500000000000004222222222222222250000000041111111111111111111500000000004111111111111111111111111111111111111111111111111111111111111111111111115000000
000000000000000000000000000000000000000000000000000000000000411111111122222222222111111111111111111111111111111111111111111111111111111111111111111111500000000000004222222222222222250000000041111111111111111111500000000004111111111111111111111111111111111111111111111111111111111111111111111115000000
000000000000000000000000000000000000000000000000000000000000411111111122222222222111111111111111111111111111111111111111111111111111111111111111111111500000000000004222222222222222250000000041111111111111111111500000000004111111111111111111111111111111111111111111111111111111111111111111111115000000
000000000000000000000000000000000000000000000000000000000000411111111111111111111111111111111111111111111111111111111111111111111111111111111111111111500000000000004222222222222222250000000041111111111111111111500000000004111111111111111111111111111111111111111111111111111111111111111111111115000000
000000000000000000000000000000000000000000000000000000000000411111111111111111111111111111111111111111111111111111111111111111111111111111111111111111500000000000004222222222222222250000000041111111111111111111500000000004111111111111111111111111111111111111111111111111111111111111111111111115000000
000000000000000000000000000000000000000000000000000000000000411111111111111111111111111111111111111111111111111111111111111111111111111111111111111111500000000000004222222222222222250000000041111111111111111111500000000004111111111111111111111111111111111111111111111111111111111111111111111115000000
000000000000000000000000000000000000000000000000000000000000411111111111111111111111111111111111111111111111111111111111111111111111111111111111111111500000000000004222222222222222250000000041111111111111111111500000000004111111111111111111111111111111111111111111111111111111111111111111111115000000
000000000000000000000000000000000000000000000000000000000000411111111111111111111111111111111111111111111111111111111111111111111111111111111111111111533333333333333333333333333333333333333341111111111111111111500000000004111111111111111111111111111111111111111111111111111111111111111111111115000000
000000000000000000000000000000000000000000000000000000000000411111111111111111111111111111111111111111111111111111111111111111111111111111111111111111111111111111111222222222222222211111111111111111111111111111500000000004111111111111111111111111111111111111111111111111111111111111111111111115000000
000000000000000000000000000000000000000000000000000000000000411111111111111111111111111111111111111111111111111111111111111111111111111111111111111111111111111111111222222222222222211111111111111111111111111111500000000004111111111111111111111111111111111111111111111111111111111111111111111115000000
000000000000000000000000000000000000000000000000000000000000411111111111111111111111111111111111111111111111111111111111111111111111111111111111111111111111111111111222222222222222211111111111111111111111111111500000000004111111111111111111111111111111111111111111111111111111111111111111111115000000
000000000000000000000000000000000000000000000000000000000000411111111111111111111111111111111111111111111111111111111111111111111111111111111111111111111111111111111222222222222222211111111111111111111111111111500000000004111111111111111111111111111111111111433333333333333333333511111111111115000000
000000000000000000000000000000000000000000000000000000000000411111111111111111111111111111111111111111111111111111111111111111111111111111111111111111111111111111111222222222222222211111111111111111111111111111500000000004111111111111111111111111111111111111411111111111111111111511111111111115000000
000000000000000000000000000000000000000000000000000000000000411111111111111111111111111111111111111111111111111111111111111111111111111111111111111111111111111111111111111111111111111111111111111111111111111111500000000004111111111111111111111111111111111111411111111111111111111511111111111115000000
000000000000000000000000000000000000000000000000000000000000411111111111111111111111111111111111111111111111111111111111111111111111111111111111111111111111111111111111111111111111111111111111111111111111111111500000000004111111111111111111111111111111111111411111111111111111111511111111111115000000
000000000000000000000000000000000000000000000000000000000000411111111111111111111111111111111111111111111111111111111111111111111111111111111111111111111111111111111111111111111111111111111111111111111111111111500000000004111111111111111111111111111111111111411111111111111111111511111111111115000000
000000000000000000000000000000000000000000000000000000000000411111111111111111111111111111111111111111111111111111111111111111111111111111111111111111111111111111111111111111111111111111111111111111111111111111500000000004111111111111111111111111111111111111411111111111111111111511111111111115000000
000000000000000000000000000000000000000000000000000000000000411111111111111111111111111111111111111111111111111111111111111111111111111111111111111111111111111111111111111111111111111111111111111111111111111111500000000004111111111111111111111111111111111111411111111111111111111511111111111115000000
000000000000000000000000000000000000000000000000000000000000411111111111111111111111111111111111111111111111111111111111111111111111111111111111111111111111111111111111111111111111111111111111111111111111111111500000000004111111111111111111111111111111111111411111111111111111111511111111111115000000
000000000000000000000000000000000000000000000000000000000000411111111111111111111111111111111111111111111111111111111111111111111111111111111111111111111111111111111111111111111111111111111111111111111111111111500000000004111111111111111111111111111111111111411111111111111111111511111111111115000000
000000000000000000000000000000000000000000000000000000000000411111111111111111111111111111111111111111111111111111111111111111111111111111111111111111111111111111111111111111111111111111111111111111111111111111500000000004111111115333333341111111111111111111411111111111111111111511111111111115000000
000000000000000000000000000000000000000000000000000000000000411111111111111111111111111111111111111111111111111111111111111111111111111111111111111111111111111111111111111111111111111111111111111111111111111111500000000004111111115000000041111111111111111111411111111111111111111511111111111115000000
000000000000000000000000000000000000000000000000000000000000411111111111111111111111111111111111111111111111111111111111111111111111111111111111111111111111111111111111111111111111111111111111111111111111111111500000000004111111115000000041111111111111111111411111111111111111111511111111111115000000
000000000000000000000000000000000000000000000000000000000000411111111111111111111111111111111111111111111111111111111111111111111111111111111111111111111111111111111111111111111111111111111111111111111111111111500000000004111111115000000041111111111111111111411111111111111111111511111111111115000000
000000000000000000000000000000000000000000000000000000000000411111111111111111111111111111111111111111111111111111111111111111111111111111111111111111111111111111111111111111111111111111111111111111111111111111500000000004111111115000000041111111111111111111433333333111111333333511111111111115000000
000000000000000000000000000000000000000000000000000000000000411111111111111111111111111111111111111111111111111111111111111111111111111111111111111111111111111111111111111111111111111111111111111111111111111111500000000004111111115000000041111111111111111111411111111111111111111511111111111115000000
000000000000000000000000000000000000000000000000000000000000411111111111111111111111111111111111111111111111111111111111111111111111111111111111111111111111111111111111111111111111111111111111111111111111111111500000000004111111115000000041111111111111111111411111111111111111111511111111111115000000
000000000000000000000000000000000000000000000000000000000000411111111111111111111111111111111111111111111111111111111111111111111111111111111111111111111111111111111111111111111111111111111111111111111111111111500000000004111111115000000041111111111111111111411111111111111111111511111111111115000000
000000000000000000000000000000000000000000000000000000000000411111111111111111111111111111111111111111111111111111111111111111111114333333333333333333335333333333333333343333333333333333333333511111111111111111500000000004333333335000000041111111111111111111411111111111111111111511111111111115000000
000000000000000000000000000000000000000000000000000000000000411111111111111111111111111111111111111111111111111111111111111111111114111111111111111111115111111111111111141111111111111111111111511111111111111111500000000004111111115000000041111111111111111111411111111111111111111511111111111115000000
000000000000000000000000000000000000000000000000000000000000411111111111111111111111111111111111111111111111111111111111111111111114111111111111111111115111111111111111141111111111111111111111511111111111111111500000000004111111115000000041111111111111111111411111111111111111111511111111111115000000
000000000000000000000000000000000000000000000000000000000000411111111111111111111111111111111111111111111111111111111111111111111114111111111111111111115111111111111111141111111111111111111111511111111111111111500000000004111111115000000041111111111111111111411111111111111111111511111111111115000000
000000000000000000000000000000000000000000000000000000000000411111111111111111111111111111111111111111111111111111111111111111111114111111111111111111115111111111111111141111111111111111111111511111111111111111500000000004111111115000000041111111111111111111411111111111111111111511111111111115000000
000000000000000000000000000000000000000000000000000000000000411111111111111111111111111111111111111111111111111111111111111111111114111111111111111111115111111111111111111111111111111111111111511111111111111111500000000004111111115000000041111111111111111111411111111111111111111511111111111115000000
000000000000000000000000000000000000000000000000000000000000411111111111111111111111111111111111111111111111111111111111111111111114111111111111111111115111111111111111111111111111111111111111511111111111111111500000000004111111115000000041111111111111111111411111111111111111111511111111111115000000
000000000000000000000000000000000000000000000000000000000000411111111111111111111111111111111111111111111111111111111111111111111114111111111111111111115111111111111111111111111111111111111111511111111111111111500000000004111111115000000033333411111111111111411111111111111111111511111111111115000000
000000000000000000000000000000000000000000000000000000000000411111111111111111111111111111111111111111111111111111111111111111111114111111111111111111115111111111111111111111111111111111111111511111111111111111500000000004111111115000000000000411111111111111411111111111111111111511111111111115000000
000000000000000433333333333333333333333333333500000000000000433333333333333333333333341111111111111111111111111111111111111111111114111111111111111111115111111111111111111111111111111111111111511111111111111111333333333333111111115000000000000411111111111111411111111111111111111511111111111115000000
000000000000000411111111111111111111111111111500000000000000000000000000000000000000041111111111111111111111111111111111111111111114111111111111111111115111111111111111141111111111111111111111511111111111111111111111111111111111115000000000000411111111111111411111111111111111111511111111111115000000
000000000000000411111111111111111111111111111500000000000000000000000000000000000000041111111111111111111111111111111111111111111114111111111111111111115111111111111111141111111111111111111111511111111111111111111111111111111111115000000000000411111111111111411111111111111111111511111111111115000000
000000000000000411111111111111111111111111111500000000000000000000000000000000000000041111111111111111111111111111111111111111111114111111111111111111115111111111111111141111111111111111111111511111111111111111111111111111111111115000000000000411111111111111411111111111111111111511111111111115000000
000000000000000411111111111111111111111111111500000000000000000000000000000000000000041111111111111111111111111111111111111111111114111111111111111111115111111111111111141111111111111111111111511111111111111111111111111111111111115000000000000411111111111111411111111111111111111511111111111115000000
000000000000000411111111111111111111111111111500000000000000000000000000000000000000041111111111111111111111111111111111111111111114111111111111111111111111111111111111141111111111111111111111511111111111111111111111111111111111115000000000000411111111111111411111111111111111111511111111111115000000
000000000000000411111111111111111111111111111500000000000000000000000000000000000000041111111111111111111111111111111111111111111114111111111111111111111111111111111111141111111111111111111111511111111111111111111111111111111111115000000000000411111111111111411111111111111111111511111111111115000000
000000000000000411111111111111111111111111111500000000000000000000000000000000000000041111111111111111111111111111111111111111111114111111111111111111111111111111111111141111111111111111111111511111111111111111111111111111111111115000000000000411111111111111411111111111111111111511111111111115000000
000000000000000411111111111111111111111111111500000000000000000000000000000000000000041111111111111111111111111111111111111111111114111111111111111111111111111111111111141111111111111111111111511111111111111111111111111111111111115000000000000411111111111111433331111113333333333511111111111115000000
000000000000000411111111111111111111111111111500000000000000000000000000000000000000041111111111111111111111111111111111111111111114111111111111111111115111111111111111141111111111111111111111511111111111111111111111111111111111115000000000000411111111111111411111111111111111111511111111111115000000
000000000000000411111111111111111111111111111500000000000000000000000000000433333333341111111111111111111111111111111111111111111114111111111111111111115111111111111111141111111111111111111111511111111111111111111111111111111111115000000000000411111111111111411111111111111111111511111111111115000000
000000000000000411111111111111111111111111111500000000000000000000000000000411111111111111111111111111111111111111111111111111111114111111111111111111115111111111111111141111111111111111111111511111111111111111111111111111111111115000000000000411111111111111411111111111111111111511111111111115000000
000000000000000411111111111111111111111111111500000000000000000000000000000411111111111111111111111111111111111111111111111111111114111111111111111111115111111111111111141111111111111111111111511111111111111111111111111111111111115000000000000411111111111111411111111111111111111511111111111115000000
000000000000000411111111111111111111111111111500000000000000000000000000000411111111111111111111111111111111111111111111111111111114111111111111111111115111111111111111141111111111111111111111511111111111111111111111111111111111115000000000000411111111111111411111111111111111111511111111111115000000
000000000000000411111111111111111111111111111500000000000000000000000000000411111111111111111111111111111111111111111111111111111114111111111111111111115111111111111111141111111111111111111111511111111111111111111111111111111111115000000000000411111111111111411111111111111111111511111111111115000000
000000000000000411111111111111111111111111111500000000000000000000000000000411111111111111111111111111111111111111111111111111111114111111111111111111115111111111111111141111111111111111111111511111111111111111111111111111111111115000000000000411111111111111411111111111111111111511111111111115000000
000000000000000411111111111111111111111111111500000000000000000000000000000411111111111111111111111111111111111111111111111111111114111111111111111111115111111111111111141111111111111111111111511111111111111111111111111111111111115000000000000411111111111111411111111111111111111511111111111115000000
000000000000000411111111111111111111111111111500000000000000000000000000000411111111111111111111111111111111111111111111111111111114111111111111111111115111111111111111141111111111111111111111511111111111111111111111111111111111115000000000000411111111111111411111111111111111111511111111111115000000
000000000000000411111111111111111111111111111500000000000000000000000000000411111111111111111111111111111111111111111111111111111114111111111111111111115111111111111111141111111111111111111111511111111111111111111111111111111111115000000000000411111111111111411111111111111111111511111111111115000000
000000000000000411111111111111111111111111111500000000000000000000000000000411111111111111111111111111111111111111111111111111111114111111111111111111115111111111111111141111111111111111111111511111111111111111111111111111111111115000000000000411111111111111411111111111111111111511111111111115000000
000000000000000411111111111111111111111111111500000000000000000000000000000411111111111111111111111111111111111111111111111111111114111111111111111111115111111111111111141111111111111111111111511111111111111111111111111111111111115000000000000411111111111111433333333333111111133511111111111115000000
000000000000000411111111111111111111111111111500000000000000000000000000000411111111111111111111111111111111111111111111111111111113333333333333333333335333333333333333333333333333333333333333311111111111111111111111111111111111115000000000000411111111111111411111111111111111111511111111111115000000
000000000000000411111111111111111111111111111500000000000000000000000000000411111111111111111111111111111111111111111111111111111111111111111111111111111111111111111111111111111111111111111111111111111111111111111111111111111111115000000000000411111111111111411111111111111111111511111111111115000000
000000000000000411111111111111111111111111111500000000000000000000000000000411111111111111111111111111111111111111111111111111111111111111111111111111111111111111111111111111111111111111111111111111111111111111111111111111111111115000000000000411111111111111411111111111111111111511111111111115000000
000000000000000411111111111111111111111111111333333333333333333333333333333311111111111111111111111111111111111111111111111111111111111111111111111111111111111111111111111111111111111111111111111111111111111111111111111111111111115000000000000411111111111111411111111111111111111511111111111115000000
000000000000000411111111111111111111111122222222222222222222222222222222222222222222222222222222222211111111111111111111111111111111111111111111111111111111111111111111111111111111111111111111111111115333333333333333333333333333333000000000000411111111111111411111111111111111111511111111111115000000
000000000000000411111111111111111111111122222222222222222222222222222222222222222222222222222222222211111111111111111111111111111111111111111111111111111111111111111111111111111111111111111111111111115000000000000000000000000000000000000000000411111111111111411111111111111111111511111111111115000000
000000000000000411111111111111111111111122222222222222222222222222222222222222222222222222222222222211111111111111111111111111111111111111111111111111111111111111111111111111111111111111111111111111115000000000000000000000000000000000000000000411111111111111411111111111111111111511111111111115000000
000000000000000411111111111111111111111122222222222222222222222222222222222222222222222222222222222211111111111111111111111111111111111111111111111111111111111111111111111111111111111111111111111111115000000000000000000000000000000000000000000411111111111111411111111111111111111511111111111115000000
000000000000000411111111111111111111111122222222222222222222222222222222222222222222222222222222222211111111111111111111111111111111111111111111111111111111111111111111111111111111111111111111111111115000000000000000000000000000000000000000000411111111111111411111111111111111111511111111111115000000
000000000000000411111111111111111111111122222222222222222222222222222222222222222222222222222222222211111111111111111111111111111111111111111111111111111111111111111111111111111111111111111111111111115000000000000000000000000000000000000000000411111111111111333333311111113333333311111111111115000000
000000000000000411111111111111111111111122222222222222222222222222222222222222222222222222222222222211111111111111111111111111111111111111111111111111111111111111111111111111111111111111111111111111115000000000000000000000000000000000000000000411111111111111111111111111111111111111111111111115000000
000000000000000411111111111111111111111122222222222222222222222222222222222222222222222222222222222211111111111111111111111111111111111111111111111111111111111111111111111111111111111111111111111111115000000000000000000000000000000000000000000411111111111111111111111111111111111111111111111115000000
000000000000000411111111111111111111111122222222222222222222222222222222222222222222222222222222222211111111111111111111111111111111111111111111111111111111111111111111111111111111111111111111111111115000000000000000000000000000000000000000000411111111111111111111111111111111111111111111111115000000
000000000000000411111111111111111111111122222222222222222222222222222222222222222222222222222222222211111111111111111111111111111111111111111111111111111111111111111111111111111111111111111111111111115000000000000000000000000000000000000000000411111111111111111111111111111111111111111111111115000000
000000000000000411111111111111111111111122222222222222222222222222222222222222222222222222222222222222222222222111111111111111111111111111111111111111111111111111111111111111111111111111111111111111115000000000000000000000000000000000000000000411111111111111111111111111111111111111111111111115000000
000000000000000411111111111111111111111111111533333333333333333333333333333333333333333333333342222222222222222111111111111111111111111111111111111111111111111111111111111111111111111111111111111111115000000000000000000000000000000000000000000411111111111111111111111111111111111111111111111115000000
000000000000000411111111111111111111111111111500000000000000000000000000000000000000000000000042222222222222222111111111111111111111111111111111111111111111111111111111111111111111111111111111111111115000000000000000000000000000000000000000000411111111111111111111111111111111111111111111111115000000
000000000000000411111111111111111111111111111500000000000000000000000000000000000000000000000042222222222222222111111111111111111111111111111111111111111111111111111111111111111111111111111111111111115000000000000000000000000000000000000000000411111111111111111111111111111111111111111111111115000000
000000000000000411111111111111111111111111111500000000000000000000000000000000000000000000000042222222222222222111111111111111111111111111111111111111111111111111111111111111111111111111111111111111115000000000000000000000000000000000000000000411111111111111111111111111111111111111111111111115000000
000000000000000411111111111111111111111111111500000000000000000000000000000000000000000000000042222222222222222533333333333333333333333333333333333333333333333333333333333333333333333333333333333333335000000000000000000000000000000000000000000411111111111111111111111111111111111111111111111115000000
000000000000000411111111111111111111111111111500000000000000000000000000000000000000000000000042222222222222222500000000000000000000000000000000000000000000000000000000000000000000000000000000000000000000000000000000000000000000000000000000000411111111111111111111111111111111111111111111111115000000
000000000000000411111111111111111111111111111500000000000000000000000000000000000000000000000042222222222222222500000000000000000000000000000000000000000000000000000000000000000000000000000000000000000000000000000000000000000000000000000000000411111111111111111111111111111111111111111111111115000000
000000000000000411111111111111111111111111111500000000000000000000000000000000000000000000000042222222222222222500000000000000000000000000000000000000000000000000000000000000000000000000000000000000000000000000000000000000000000000000000000000411111111111111111111111111111111111111111111111115000000
000000000000000411111111111111111111111111111500000000000000000000000000000000000000000000000042222222222222222500000000000000000000000000000000000000000000000000000000000000000000000000000000000000000000000000000000000000000000000000000000000411111111111111111111111111111111111111111111111115000000
000000000000000411111111111111111111111111111500000000000000000000000000000000000000000000000042222222222222222500000000000000000000000000000000000000000000000000000000000000000000000000000000000000000000000000000000000000000000000000000000000411111111111111111111111111111111111111111111111115000000
000000000000000411111111111111111111111111111500000000000000000000000000000000000000000000000042222222222222222500000000000000000000000000000000000000000000000000000000000000000000000000000000000000000000000000000000000000000000000000000000000411111111111111111111111111111111111111111111111115000000
000000000000000411111111111111111111111111111500000000000000000000000000000000000000000000000042222222222222222500000000000000000000000000000000000000000000000000000000000000000000000000000000000000000000000000000000000000000000000000000000000333333333333333411111111111111111111111111111111115000000
000000000000000411111111111111111111111111111500000000000000000000000000000000000000000000000042222222222222222500000000000000000000000000000000000000000000000000000000000000000000000000000000000000000000000000000000000000000000000000000000000000000000000000411111111111111111111111111111111115000000
000000000000000411111111111111111111111111111500000000000000000000000000000000000000000000000042222222222222222500000000000000000000000000000000000000000000000000000000000000000000000000000000000000000000000000000000000000000000000000000000000000000000000000411111111111111111111111111111111115000000
000000000000000411111111111111111111111111111500000000000000000000000000000000000000000000000042222222222222222500000000000000000000000433333333333333333333333350000000000000000000000000000000000000000000000000000000000000000000000000000000000000000000000000411111111111111111111111111111111115000000
000000000000000411111111111111111111111111111500000000000000000000000000000000000000000000000042222222222222222500000000000000000000000411111111111111111111111150000000000000000000000000000000000000000000000000000000000000000000000000000000000000000000000000411111111111111111111111111111111115000000
000000000000000411111111111111111111111111111500000000000000000000000000000000000000000000000042222222222222222500000000000000000000000411111111111111111111111150000000000000000000000000000000000000000000000000000000000000000000000000000000000000000000000000411111111111111111111111111111111115000000
000000000000000411111111111111111111111111111500000000000000000000000000000000000000000000000042222222222222222500000000000000000000000411111111111111111111111150000000000000000000000000000000000000000000000000000000000000000000000000000000000000000000000000411111111111111111111111111111111115000000
000000000000000411111111111111111111111111111500000000000000000000000000000000000000000000000042222222222222222500000000000000000000000411111111111111111111111150000000000000000000000000000000000000000000000000000000000000000000000000000000000000000000000000411111111111111111111111111111111115000000
000000000000000411111111111111111111111111111500000000000000000000000000000000000000000000000042222222222222222500000000000000000000000411111111111111111111111150000000000000000000000000000000000000000000000000000000000000000000000000000000000000000000000000411111111111111111111111111111111115000000
000000000000000411111111111111111111111111111500000000000000000000000000000000000000000000000042222222222222222500000000000000000000000411111111111111111111111150000000000000000000000000000000000000000000000000000000000000000000000000000000000000000000000000411111111111111111111111111111111115000000
000000000000000411111111111111111111111111111500000000000000000000000000000000000000000000000042222222222222222500000000000000000000000411111111111111111111111150000000000000000000000000000000000000000000000000000000000000000000000000000000000000000000000000333333333333333333333333333333333333300000
000000000000000411111111111111111111111111111500000000000000000000000000000000000000000000000042222222222222222500000000000000000000000411111111111111111111111150000000000000000000000000000000000000000000000000000000000000000000000000000000000000000000000000000000000000000000000000000000000000000000
000000000000000411111111111111111111111111111500000000000000000000000000000000000000000000000042222222222222222500000000000000000000000411111111111111111111111133333333333333333333333333333333333333333000000000000000000000000000000000000000000000000000000000000000000000000000000000000000000000000000
000000000000000411111111111111111111111111111500000000000000000000000000000000000000000000000042222222222222222500000000000000000000000411111111111111111111111111111111111111111111111111111111111111115000000000000000000000000000000000000000000000000000000000000000000000000000000000000000000000000000
000000000000000411111111111111111111111111111500000000000000000000000000000000000000000000000042222222222222222500000000000000000000000411111111111111111111111111111111111111111111111111111111111111115000000000000000000000000000000000000000000000000000000000000000000000000000000000000000000000000000
000000000000000411111111111111111111111111111500000000000000000000000000000000000000000000000042222222222222222500000000000000000000000411111111111111111111111111111111111111111111111111111111111111115000000000000000000000000000000000000000000000000000000000000000000000000000000000000000000000000000
000000000000000411111111111111111111111111111500000000000000000000000000000000000000000000000042222222222222222500000000000000000000000411111111111111111111111111111111111111111111111111111111111111115000000000000000000000000000000000000000000000000000000000000000000000000000000000000000000000000000
000000000000000411111111111111111111111111111500000000000000000000000000000000000000000000000042222222222222222500000000000000000000000411111111111111111111111111111111111111111111111111111111111111115000000000000000000000000000000000000000000000000000000000000000000000000000000000000000000000000000
000000000000000411111111111111111111111111111500000000000000000000000000000000000000000000000042222222222222222500000000000000000000000411111111111111111111111111111111111111111111111111111111111111115000000000000000000000000000000000000000000000000000000000000000000000000000000000000000000000000000
000000000000000411111111111111111111111111111500000000000000000000000000000000000000000000000042222222222222222500000000000000000000000411111111111111111111111111111111111111111111111111111111111111115000000000000000000000000000000000000000000000000000000000000000000000000000000000000000000000000000
000000000000000411111111111111111111111111111500000000000000000000000000000000000000000000000042222222222222222500000000000000000000000411111111111111111111111111111111111111111111111111111111111111115000000000000000000000000000000000000000000000000000000000000000000000000000000000000000000000000000
000000000000000411111111111111111111111111111500000000000000000000000000000000000000000000000042222222222222222500000000000000000000000411111111111111111111111111111111111111111111111111111111111111115000000000000000000000000000000000000000000000000000000000000000000000000000000000000000000000000000
000000000000000411111111111111111111111111111500000000000000000000000000000000000000000000000042222222222222222500000000000000000000000411111111111111111111111111111111111111111111111111111111111111115000000000000000000000000000000000000000000000000000000000000000000000000000000000000000000000000000
000000000000000433333333333333333333333333333500000000000000433333333333333333333333333333333333333333333333333333333333333333333333333411111111111111111111111111111111111111111111111111111111111111115000000000000000000000000000000000000000000000000000000000000000000000000000000000000000000000000000
000000000000000000000000000000000000000000000000000000000000411111111111111111111111111111111112222222222222222111111111111111111111111111111111111111111111111111111111111111111111111111111111111111115000000000000000000000000000000000000000000000000000000000000000000000000000000000000000000000000000
000000000000000000000000000000000000000000000000000000000000411111111111111111111111111111111112222222222222222111111111111111111111111111111111111111111111111111111111111111111111111111111111111111115000000000000000000000000000000000000000000000000000000000000000000000000000000000000000000000000000
000000000000000000000000000000000000000000000000000000000000411111111111111111111111111111111112222222222222222111111111111111111111111111111111111111111111111111111111111111111111111111111111111111115000000000000000000000000000000000000000000000000000000000000000000000000000000000000000000000000000
000000000000000000000000000000000000000000000000000000000000411111111111111111111111111111111112222222222222222111111111111111111111111111111111111111111111111111111111111111111111111111111111111111115000000000000000000000000000000000000000000000000000000000000000000000000000000000000000000000000000
000000000000000000000000000000000000000000000000000000000000411111111111111111111111111111111112222222222222222111111111111111111111111111111111111111111111111111111111111111111111111111111111111111115000000000000000000000000000000000000000000000000000000000000000000000000000000000000000000000000000
000000000000000000000000000000000000000000000000000000000000411111111111111111111111111111111111111111111111111111111111111111111111111111111111111111111111111111111111111111111111111111111111111111115000000000000000000000000000000000000000000000000000000000000000000000000000000000000000000000000000
000000000000000000000000000000000000000000000000000000000000411111111111111111111111111111111111111111111111111111111111111111111111111111111111111111111111111111111111111111111111111111111111111111115000000000000000000000000000000000000000000000000000000000000000000000000000000000000000000000000000
000000000000000000000000000000000000000000000000000000000000411111111111111111111111111111111111111111111111111111111111111111111111111111111111111111111111111111111111111111111111111111111111111111115000000000000000000000000000000000000000000000000000000000000000000000000000000000000000000000000000
000000000000000000000000000000000000000000000000000000000000411111111111111111111111111111111111111111111111111111111111114333333333333333533333333334333333333333511111111111111111111111111111111111115000000000000000000000000000000000000000000000000000000000000000000000000000000000000000000000000000
000000000000000000000000000000000000000000000000000000000000411111111111111111111111111111111111111111111111111111111111114111111111111111511111111114111111111111511111111111111111111111111111111111115000000000000000000000000000000000000000000000000000000000000000000000000000000000000000000000000000
000000000000000000000000000000000000000000000000000000000000411111111111111111111111111111111111111111111111111111111111114111111111111111511111111114111111111111511111111111111111111111111111111111115000000000000000000000000000000000000000000000000000000000000000000000000000000000000000000000000000
000000000000000000000000000000000000000000000000000000000000411111111111111111111111111111111111111111111111111111111111114111111111111111511111111114111111111111511111111111111111111111111111111111115000000000000000000000000000000000000000000000000000000000000000000000000000000000000000000000000000
000000000000000000000000000000000000000000000000000000000000411111111111111111111111111111111111111111111111111111111111114111111111111111511111111114111111111111511111111111111111111111111111111111115000000000000000000000000000000000000000000000000000000000000000000000000000000000000000000000000000
000000000000000000000000000000000000000000000000000000000000411111111111111111111111111111111111111111111111111111111111114111111111111111511111111114111111111111511111111111111111111111111111111111115000000000000000000000000000000000000000000000000000000000000000000000000000000000000000000000000000
000000000000000000000000000000000000000000000000000000000000411111111111111111111111111111111111111111111111111111111111114111111111111111511111111114111111111111511111111111111111533333333333333333335000000000000000000000000000000000000000000000000000000000000000000000000000000000000000000000000000
000000000000000000000000000000000000000000000000000000000000411111111111111111111111111111111111111111111111111111111111114111111111111111111111111114111111111111511111111111111111500000000000000000000000000000000000000000000000000000000000000000000000000000000000000000000000000000000000000000000000
000000000000000000000000000000000000000000000000000000000000411111111111111111111111111111111111111111111111111111111111114111111111111111111111111114111111111111511111111111111111500000000000000000000000000000000000000000000000000000000000000000000000000000000000000000000000000000000000000000000000
000000000000000000000000000000000000000000000000000000000000411111111111111111111111111111111111111111111111111111111111114111111111111111111111111111111111111111511111111111111111500000000000000000000000000000000000000000000000000000000000000000000000000000000000000000000000000000000000000000000000
000000000000000000000000000000000000000000000000000000000000411111111111111111111111111111111111111111111111111111111111114111111111111111111111111111111111111111511111111111111111500000000000000000000000000000000000000000000000000000000000000000000000000000000000000000000000000000000000000000000000
000000000000000000000000000000000000000000000000000000000000411111111111111111111111111111111111111111111111111111111111114111111111111111511111111111111111111111511111111111111111500000000000000000000000000000000000000000000000000000000000000000000000000000000000000000000000000000000000000000000000
000000000000000000000000000000000000000000000000000000000000411111111111111111111111111111111111111111111111111111111111114111111111111111511111111111111111111111511111111111111111500000000000000000000000000000000000000000000000000000000000000000000000000000000000000000000000000000000000000000000000
000000000000000000000000000000000000000000000000000000000000411111111111111111111111111111111111111111111111111111111111114111111111111111511111111111111111111111511111111111111111500000000000000000000000000000000000000000000000000000000000000000000000000000000000000000000000000000000000000000000000
000000000000000000000000000000000000000000000000000000000000411111111111111111111111111111111111111111111111111111111111114111111111111111511111111114111111111111511111111111111111500000000000000000000000000000000000000000000000000000000000000000000000000000000000000000000000000000000000000000000000
000000000000000000000000000000000000000000000000000000000000411111111111111111111111111111111111111111111111111111111111114111111111111111511111111114111111111111511111111111111111500000000000000000000000000000000000000000000000000000000000000000000000000000000000000000000000000000000000000000000000
000000000000000000000000000000000000000000000000000000000000411111111111111111111111111111111111111111111111111111111111114111111111111111511111111114111111111111511111111111111111500000000000000000000000000000000000000000000000000000000000000000000000000000000000000000000000000000000000000000000000
000000000000000000000000000000000000000000000000000000000000411111111111111111111111111111111111111111111111111111111111114111111111111111511111111114111111111111511111111111111111500000000000000000000000000000000000000000000000000000000000000000000000000000000000000000000000000000000000000000000000
000000000000000000000000000000000000000000000000000000000000411111111111111111111111111111111111111111111111111111111111114111111111111111511111111114111111111111511111111111111111500000000000000000000000000000000000000000000000000000000000000000000000000000000000000000000000000000000000000000000000
000000000000000000000000000000000000000000000000000000000000411111111111111111111111111111111111111111111111111111111111114111111111111111511111111114111111111111511111111111111111500000000000000000000000000000000000000000000000000000000000000000000000000000000000000000000000000000000000000000000000
000000000000000000000000000000000000000000000000000000000000411111111111111111111111111111111111111111111111111111111111114111111111111111511111111114111111111111511111111111111111500000000000000000000000000000000000000000000000000000000000000000000000000000000000000000000000000000000000000000000000
000000000000000000000000000000000000000000000000000000000000411111111111111111111111111111111111111111111111111111111111114111111111111111511111111114111111111111511111111111111111333333333333333333333333333333300000000000000000000000000000000000000000000000000000000000000000000000000000000000000000
000000000000000000000000000000000000000000000000000000000000411111111111111111111111111111111111111111111111111111111111113333333333333333333333333333331111333333311111111111111111111111111111111111111111111111500000000000000000000000000000000000000000000000000000000000000000000000000000000000000000
000000000000000000000000000000000000000000000000000000000000411111111111111111111111111111111111111111111111111111111111111111111111111111111111111111111111111111111111111111111111111111111111111111111111111111500000000000000000000000000000000000000000000000000000000000000000000000000000000000000000
000000000000000000000000000000000000000000000000000000000000411111111111111111111111111111111111111111111111111111111111111111111111111111111111111111111111111111111111111111111111111111111111111111111111111111500000000000000000000000000000000000000000000000000000000000000000000000000000000000000000
000000000000000000000000000000000000000000000000000000000000411111111111111111111111111111111111111111111111111111111111111111111111111111111111111111111111111111111111111111111111111111111111111111111111111111500000000000000000000000000000000000000000000000000000000000000000000000000000000000000000
000000000000000000000000000000000000000000000000000000000000411111111111111111111111111111111111111111111111111111111111111111111111111111111111111111111111111111111111111111111111111111111111111111111111111111500000000000000000000000000000000000000000000000000000000000000000000000000000000000000000
000000000000000000000000000000000000000000000000000000000000411111111111111111111111111111111111111111111111111111111111111111111111111111111111111111111111111111111111111111111111111111111111111111111111111111500000000000000000000000000000000000000000000000000000000000000000000000000000000000000000
000000000000000000000000000000000000000000000000000000000000411111111111111111111111111111111111111111111111111111111111111111111111111111111111111111111111111111111111111111111111111111111111111111111111111111500000000000000000000000000000000000000000000000000000000000000000000000000000000000000000
000000000000000000000000000000000000000000000000000000000000411111111111111111111111111111111111111111111111111111111111111111111111111111111111111111111111111111111111111111111111111111111111111111111111111111500000000000000000000000000000000000000000000000000000000000000000000000000000000000000000
000000000000000000000000000000000000000000000000000000000000411111111111111111111111111111111111111111111111111111111111111111111111111111111111111111111111111111111111111111111111111111111111111111111111111111500000000000000000000000000000000000000000000000000000000000000000000000000000000000000000
000000000000000000000000000000000000000000000000000000000000333333333333333333333333333333333333333333333333333333333333333333111111111111111111111111111111111111111111111111111111111111111111111111111111111111333333333333333333333333350000000000000000000000000000000000000000000000000000000000000000
000000000000000000000000000000000000000000000000000000000000000000000000000000000000000000000000000000000000000000000000000004111111111111111111111111111111111111111111111111111111111111111111111111111111111111111111111111111111111111150000000000000000000000000000000000000000000000000000000000000000
000000000000000000000000000000000000000000000000000000000000000000000000000000000000000000000000000000000000000000000000000004111111111111111111111111111111111111111111111111111111111111111111111111111111111111111111111111111111111111150000000000000000000000000000000000000000000000000000000000000000
000000000000000000000000000000000000000000000000000000000000000000000000000000000000000000000000000000000000000000000000000004111111111111111111111111111111111111111111111111111111111111111111111111111111111111111111111111111111111111150000000000000000000000000000000000000000000000000000000000000000
000000000000000000000000000000000000000000000000000000000000000000000000000000000000000000000000000000000000000000000000000004111111111111111111111111111111111111111111111111111111111111111111111111111111111111111111111111111111111111150000000000000000000000000000000000000000000000000000000000000000
000000000000000000000000000000000000000000000000000000000000000000000000000000000000000000000000000000000000000000000000000004111111111111111111111111111111111111111111111111111111111111111111111111111111111111111111111111111111111111150000000000000000000000000000000000000000000000000000000000000000
000000000000000000000000000000000000000000000000000000000000000000000000000000000000000000000000000000000000000000000000000004111111111111111111111111111111111111111111111111111111111111111111111111111111111111111111111111111111111111150000000000000000000000000000000000000000000000000000000000000000
000000000000000000000000000000000000000000000000000000000000000000000000000000000000000000000000000000000000000000000000000004111111111111111111111111111111111111111111111111111111111111111111111111111111111111111111111111111111111111150000000000000000000000000000000000000000000000000000000000000000
000000000000000000000000000000000000000000000000000000000000000000000000000000000000000000000000000000000000000000000000000004111111111111111111111111111111111111111111111111111111111111111111111111111111111111111111111111111111111111150000000000000000000000000000000000000000000000000000000000000000
000000000000000000000000000000000000000000000000000000000000000000000000000000000000000000000000000000000000000000000000000004111111111111111111111111111111111111111111111111111111111111111111111111111111111111111111111111111111111111150000000000000000000000000000000000000000000000000000000000000000
000000000000000000000000000000000000000000000000000000000000000000000000000000000000000000000000000000000000000000000000000004111111111111111111111111111111111111111111111111111111111111111111111533333333333333333334111111111111111111150000000000000000000000000000000000000000000000000000000000000000
000000000000000000000000000000000000000000000000000000000000000000000000000000000000000000000000000000000000000000000000000004111111111111111111111111111111111111111111111111111111111111111111111500000000000000000004111111111111111111150000000000000000000000000000000000000000000000000000000000000000
000000000000000000000000000000000000000000000000000000000000000000000000000000000000000000000000000000000000000000000000000004111111111111111111111111111111111111111111111111111111111111111111111500000000000000000004111111111111111111150000000000000000000000000000000000000000000000000000000000000000
000000000000000000000000000000000000000000000000000000000000000000000000000000000000000000000000000000000000000000000000000004111111111111111111111111111111111111111111111111111111111111111111111500000000000000000004111111111111111111150000000000000000000000000000000000000000000000000000000000000000
000000000000000000000000000000000000000000000000000000000000000000000000000000000000000000000000000000000000000000000000000004111111111111111111111111111111111111111111111111111111111111111111111500000000000000000004111111111111111111150000000000000000000000000000000000000000000000000000000000000000
000000000000000000000000000000000000000000000000000000000000000000000000000000000000000000000000000000000000000000000000000004111111111111111111111111111111111111111111111111111111111111111111111500000000000000000004111111111111111111150000000000000000000000000000000000000000000000000000000000000000
000000000000000000000000000000000000000000000000000000000000000000000000000000000000000000000000000000000000000000000000000004111111111111111111111111111111111111111111111111111111111111111111111500000000000000000004111111111111111111150000000000000000000000000000000000000000000000000000000000000000
000000000000000000000000000000000000000000000000000000000000000000000000000000000000000000000000000000000000000000000000000004111111111111111111111111111111111111111111111111111111111111111111111500000000000000000004111111111111111111150000000000000000000000000000000000000000000000000000000000000000
000000000000000000000000000000000000000000000000000000000000000000000000000000000000000000000000000000000000000000000000000004111111111111111111111111111111111111111111111111111111111111111111111500000000000000000004111111111111111111150000000000000000000000000000000000000000000000000000000000000000
000000000000000000000000000000000000000000000000000000000000000000000000000000000000000000000000000000000000000000000000000004111111111111111111111111111111111111111111111111111111111111111111111500000000000000000004111111111111111111150000000000000000000000000000000000000000000000000000000000000000
000000000000000000000000000000000000000000000000000000000000000000000000000000000000000000000000000000000000000000000000000004111111111111111111111111111111111111111111111111111111111111111111111500000000000000000004111111111111111111150000000000000000000000000000000000000000000000000000000000000000
000000000000000000000000000000000000000000000000000000000000000000000000000000000000000000000000000000000000000000000000000004111111111111111111111111111111111111111111111111111111111111111111111500000000000000000004111111111111111111150000000000000000000000000000000000000000000000000000000000000000
000000000000000000000000000000000000000000000000000000000000000000000000000000000000000000000000000000000000000000000000000004111111111111111111111111111111111111111111111111111111111111111111111500000000000000000004111111111111111111150000000000000000000000000000000000000000000000000000000000000000
000000000000000000000000000000000000000000000000000000000000000000000000000000000000000000000000000000000000000000000000000004111111111111111111111111111111111111111111111111111111111111111111111500000000000000000004111111111111111111150000000000000000000000000000000000000000000000000000000000000000
000000000000000000000000000000000000000000000000000000000000000000000000000000000000000000000000000000000000000000000000000004111111111111111111111111111111111111111111111111111111111111111111111500000000000000000004111111111111111111150000000000000000000000000000000000000000000000000000000000000000
000000000000000000000000000000000000000000000000000000000000000000000000000000000000000000000000000000000000000000000000000004111111111111111111111111111111111111111111111111111111111111111111111500000000000000000004111111111111111111150000000000000000000000000000000000000000000000000000000000000000
000000000000000000000000000000000000000000000000000000000000000000000000000000000000000000000000000000000000000000000000000004111111111111111111111111111111111111111111111111111111111111111111111500000000000000000004111111111111111111150000000000000000000000000000000000000000000000000000000000000000
000000000000000000000000000000000000000000000000000000000000000000000000000000000000000000000000000000000000000000000000000004111111111111111111111111111111111111111111111111111111111111111111111500000000000000000004111111111111111111150000000000000000000000000000000000000000000000000000000000000000
000000000000000000000000000000000000000000000000000000000000000000000000000000000000000000000000000000000000000000000000000004111111111111111111111111111111111111111111111111111111111111111111111500000000000000000004111111111111111111150000000000000000000000000000000000000000000000000000000000000000
000000000000000000000000000000000000000000000000000000000000000000000000000000000000000000000000000000000000000000000000000004111111111111111111111111111111111111111111111111111111111111111111111500000000000000000004111111111111111111150000000000000000000000000000000000000000000000000000000000000000
000000000000000000000000000000000000000000000000000000000000000000000000000000004333333333333333333333333333333333333333333333333333333333333333353333333333333333333333333333333333333333333333333500000000000000000004111111111111111111150000000000000000000000000000000000000000000000000000000000000000
000000000000000000000000000000000000000000000000000000000000000000000000000000004111111111111111111111111111111111111111111111111111111111111111150000000000000000000000000000000000000000000000000000000000000000000004111111111111111111150000000000000000000000000000000000000000000000000000000000000000
000000000000000000000000000000000000000000000000000000000000000000000000000000004111111111111111111111111111111111111111111111111111111111111111150000000000000000000000000000000000000000000000000000000000000000000004111111111111111111150000000000000000000000000000000000000000000000000000000000000000
000000000000000000000000000000000000000000000000000000000000000000000000000000004111111111111111111111111111111111111111111111111111111111111111150000000000000000000000000000000000000000000000000000000000000000000004111111111111111111150000000000000000000000000000000000000000000000000000000000000000
000000000000000000000000000000000000000000000000000000000000000000000000000000004111111111111111111111111111111111111111111111111111111111111111150000000000000000000000000000000000000000000000000000000000000000000004111111111111111111150000000000000000000000000000000000000000000000000000000000000000
000000000000000000000000000000000000000000000000000000000000000000000000000000004111111111111111111111111111111111111111111111111111111111111111150000000000000000000000000000000000000000000000000000000000000000000004111111111111111111150000000000000000000000000000000000000000000000000000000000000000
000000000000000000000000000000000000000000000000000000000000000000000000000000004111111111111111111111111111111111111111111111111111111111111111150000000000000000000000000000000000000000000000000000000000000000000004111111111111111111150000000000000000000000000000000000000000000000000000000000000000
000000000000000000000000000000000000000000000000000000000000000000000000000000004111111111111111111111111111111111111111111111111111111111111111150000000000000000000000000000000000000000000000000000000000000000000004111111111111111111150000000000000000000000000000000000000000000000000000000000000000
000000000000000000000000000000000000000000000000000000000000000000000000000000004111111111111111111111111111111111111111111111111111111111111111150000000000000000000000000000000000000000000000000000000000000000000004111111111111111111150000000000000000000000000000000000000000000000000000000000000000
000000000000000000000000000000000000000000000000000000000000000000000000000000004111111111111111111111111111111111111111111111111111111111111111150000000000000000000000000000000000000000000000000000000000000000000004111111111111111111150000000000000000000000000000000000000000000000000000000000000000
000000000000000000000000000000000000000000000000000000000000000000000000000000004111111111111111111111111111111111111111111111111111111111111111150000000000000000000000000000000000000000000000000000000000000000000004111111111111111111150000000000000000000000000000000000000000000000000000000000000000
000000000000000000000000000000000000000000000000000000000000000000000000000000004111111111111111111111111111111111111111111111111111111111111111150000000000000000000000000000000000000000000000000000000000000000000004111111111111111111150000000000000000000000000000000000000000000000000000000000000000
000000000000000000000000000000000000000000000000000000000000000000000000000000004111111111111111111111111111111111111111111111111111111111111111150000000000000000000000000000000000000000000000000000000000000000000004111111111111111111150000000000000000000000000000000000000000000000000000000000000000
000000000000000000000000000000000000000000000000000000000000000000000000000000004111111111111111111111111111111111111111111111111111111111111111150000000000000000000000000000000000000000000000000000000000000000000004111111111111111111150000000000000000000000000000000000000000000000000000000000000000
000000000000000000000000000000000000000000000000000000000000000000000000000000004111111111111111111111111111111111111111111111111111111111111111150000000000000000000000000000000000000000000000000000000000000000000004111111111111111111150000000000000000000000000000000000000000000000000000000000000000
000000000000000000000000000000000000000000000000000000000000000000000000000000003333333333333333333333333333333333333333333333333333333333333333330000000000000000000000000000000000000000000000000000000000000000000003333333333333333333330000000000000000000000000000000000000000000000000000000000000000
000000000000000000000000000000000000000000000000000000000000000000000000000000000000000000000000000000000000000000000000000000000000000000000000000000000000000000000000000000000000000000000000000000000000000000000000000000000000000000000000000000000000000000000000000000000000000000000000000000000000
000000000000000000000000000000000000000000000000000000000000000000000000000000000000000000000000000000000000000000000000000000000000000000000000000000000000000000000000000000000000000000000000000000000000000000000000000000000000000000000000000000000000000000000000000000000000000000000000000000000000
000000000000000000000000000000000000000000000000000000000000000000000000000000000000000000000000000000000000000000000000000000000000000000000000000000000000000000000000000000000000000000000000000000000000000000000000000000000000000000000000000000000000000000000000000000000000000000000000000000000000
000000000000000000000000000000000000000000000000000000000000000000000000000000000000000000000000000000000000000000000000000000000000000000000000000000000000000000000000000000000000000000000000000000000000000000000000000000000000000000000000000000000000000000000000000000000000000000000000000000000000
000000000000000000000000000000000000000000000000000000000000000000000000000000000000000000000000000000000000000000000000000000000000000000000000000000000000000000000000000000000000000000000000000000000000000000000000000000000000000000000000000000000000000000000000000000000000000000000000000000000000
000000000000000000000000000000000000000000000000000000000000000000000000000000000000000000000000000000000000000000000000000000000000000000000000000000000000000000000000000000000000000000000000000000000000000000000000000000000000000000000000000000000000000000000000000000000000000000000000000000000000
000000000000000000000000000000000000000000000000000000000000000000000000000000000000000000000000000000000000000000000000000000000000000000000000000000000000000000000000000000000000000000000000000000000000000000000000000000000000000000000000000000000000000000000000000000000000000000000000000000000000
000000000000000000000000000000000000000000000000000000000000000000000000000000000000000000000000000000000000000000000000000000000000000000000000000000000000000000000000000000000000000000000000000000000000000000000000000000000000000000000000000000000000000000000000000000000000000000000000000000000000
000000000000000000000000000000000000000000000000000000000000000000000000000000000000000000000000000000000000000000000000000000000000000000000000000000000000000000000000000000000000000000000000000000000000000000000000000000000000000000000000000000000000000000000000000000000000000000000000000000000000
000000000000000000000000000000000000000000000000000000000000000000000000000000000000000000000000000000000000000000000000000000000000000000000000000000000000000000000000000000000000000000000000000000000000000000000000000000000000000000000000000000000000000000000000000000000000000000000000000000000000
000000000000000000000000000000000000000000000000000000000000000000000000000000000000000000000000000000000000000000000000000000000000000000000000000000000000000000000000000000000000000000000000000000000000000000000000000000000000000000000000000000000000000000000000000000000000000000000000000000000000
000000000000000000000000000000000000000000000000000000000000000000000000000000000000000000000000000000000000000000000000000000000000000000000000000000000000000000000000000000000000000000000000000000000000000000000000000000000000000000000000000000000000000000000000000000000000000000000000000000000000
000000000000000000000000000000000000000000000000000000000000000000000000000000000000000000000000000000000000000000000000000000000000000000000000000000000000000000000000000000000000000000000000000000000000000000000000000000000000000000000000000000000000000000000000000000000000000000000000000000000000
000000000000000000000000000000000000000000000000000000000000000000000000000000000000000000000000000000000000000000000000000000000000000000000000000000000000000000000000000000000000000000000000000000000000000000000000000000000000000000000000000000000000000000000000000000000000000000000000000000000000
